0 1 
7 2 
8 2 
31 2 
13 2 
21 2 
29 2 
15 2 
28 2 
2 2 
16 1 
65 2 
88 1 
57 0 
62 0 
83 3 
73 2 
78 1 
76 2 
32 3 
22 1 
36 3 
52 1 
37 3 
40 1 
50 0 
84 2 
79 3 
77 1 
30 3 
24 1 
51 2 
75 1 
44 3 
58 1 
39 2 
53 1 
69 0 
71 0 
14 3 
10 1 
54 3 
59 1 
86 2 
41 3 
42 3 
56 1 
61 1 
48 3 
4 3 
25 1 
85 3 
74 0 
99 0 
89 0 
46 3 
70 0 
60 3 
43 1 
19 3 
5 1 
55 1 
64 1 
96 3 
49 3 
45 1 
82 1 
87 3 
47 0 
27 3 
6 1 
63 0 
81 2 
66 2 
91 1 
80 0 
94 1 
98 3 
38 2 
12 3 
33 1 
67 2 
97 1 
93 2 
95 0 
68 3 
92 3 
90 3 
72 2 
20 3 
3 0 
18 0 
26 0 
11 0 
9 0 
34 0 
23 0 
35 0 
17 0 
1 3 
