2 1 
17 2 
32 2 
25 2 
22 2 
10 2 
15 2 
4 2 
19 2 
1 2 
31 1 
93 3 
66 3 
69 1 
79 1 
70 3 
83 3 
52 2 
63 1 
20 3 
5 1 
74 1 
78 1 
55 0 
71 1 
91 3 
92 1 
82 2 
98 1 
27 3 
6 1 
87 0 
58 0 
41 2 
62 1 
86 3 
57 0 
64 0 
45 3 
12 3 
29 1 
73 0 
39 2 
68 1 
60 0 
77 3 
54 2 
67 2 
75 1 
28 3 
21 1 
46 3 
42 3 
76 2 
49 2 
89 3 
36 1 
51 0 
88 0 
30 3 
16 1 
81 2 
44 0 
96 2 
59 0 
94 3 
50 0 
37 2 
65 1 
23 3 
24 1 
80 0 
43 2 
47 0 
97 2 
85 0 
53 2 
38 2 
40 0 
34 3 
7 1 
84 1 
61 2 
48 2 
95 1 
90 2 
99 2 
72 1 
56 2 
13 3 
0 0 
18 0 
26 0 
11 0 
8 0 
9 0 
33 0 
35 0 
14 0 
3 3 
