1 1 
16 2 
24 2 
41 2 
34 2 
42 2 
32 2 
35 2 
39 2 
9 2 
25 2 
2 2 
23 1 
62 3 
53 1 
55 0 
47 2 
65 1 
106 1 
116 0 
133 1 
107 3 
141 2 
20 3 
36 1 
79 3 
89 1 
143 3 
127 0 
92 2 
139 3 
124 0 
56 3 
82 0 
49 3 
13 3 
37 1 
111 1 
131 2 
71 3 
46 0 
115 2 
109 3 
91 3 
77 1 
75 2 
88 2 
33 3 
43 1 
85 3 
93 1 
103 0 
44 2 
48 3 
51 1 
68 3 
52 1 
100 3 
90 3 
15 3 
4 1 
64 1 
67 3 
45 0 
78 2 
58 0 
81 1 
132 3 
113 2 
108 0 
72 0 
29 3 
31 1 
117 0 
138 0 
63 2 
110 3 
50 2 
73 1 
128 3 
142 2 
118 2 
66 2 
21 3 
10 1 
74 3 
59 2 
60 0 
136 2 
112 3 
96 2 
83 3 
86 1 
121 0 
101 2 
11 3 
12 1 
94 2 
97 1 
69 0 
95 1 
123 1 
129 1 
99 0 
137 3 
76 3 
84 1 
7 3 
26 1 
135 3 
122 3 
54 2 
102 1 
134 0 
119 1 
80 2 
140 1 
98 3 
104 1 
28 3 
14 1 
87 1 
130 2 
120 3 
114 1 
61 1 
125 1 
105 0 
126 0 
57 3 
70 1 
8 3 
0 0 
18 0 
38 0 
22 0 
30 0 
17 0 
40 0 
5 0 
19 0 
6 0 
27 0 
3 3 
