3 1 
23 2 
18 2 
14 2 
21 2 
10 2 
25 2 
12 2 
20 2 
1 2 
15 1 
78 0 
99 3 
71 0 
96 2 
84 2 
85 0 
55 0 
61 2 
32 3 
29 1 
80 2 
53 0 
67 2 
69 3 
39 0 
88 2 
45 2 
48 0 
13 3 
24 1 
40 3 
44 2 
98 1 
41 3 
36 1 
97 1 
90 2 
57 2 
35 3 
4 1 
43 0 
46 3 
54 3 
37 1 
56 1 
73 0 
76 0 
38 1 
6 3 
30 1 
42 2 
74 1 
93 0 
95 3 
66 3 
63 1 
64 1 
70 3 
11 3 
33 1 
94 1 
86 0 
91 1 
87 0 
77 1 
51 0 
82 2 
52 0 
7 3 
28 1 
72 3 
75 1 
58 3 
47 1 
81 3 
49 2 
92 1 
60 2 
26 3 
17 1 
79 2 
89 1 
50 3 
59 1 
83 2 
65 3 
68 0 
62 3 
16 3 
2 0 
31 0 
8 0 
9 0 
34 0 
22 0 
27 0 
19 0 
5 0 
0 3 
