3 1 
13 2 
17 2 
20 2 
18 2 
28 2 
30 2 
14 2 
21 2 
1 2 
7 1 
43 0 
77 0 
38 1 
72 3 
80 1 
98 2 
44 0 
55 2 
32 3 
9 1 
54 2 
56 0 
92 0 
68 3 
37 0 
40 3 
46 2 
66 2 
15 3 
29 1 
42 0 
39 3 
49 1 
95 1 
41 2 
61 1 
89 0 
91 1 
34 3 
24 1 
57 2 
48 3 
36 0 
50 3 
45 1 
82 1 
85 2 
78 3 
6 3 
5 1 
71 2 
81 1 
51 2 
93 2 
94 0 
60 0 
53 0 
90 0 
25 3 
10 1 
67 0 
65 3 
63 3 
79 0 
86 3 
52 2 
59 2 
84 2 
8 3 
22 1 
62 2 
74 1 
73 1 
76 2 
88 1 
69 1 
83 3 
75 0 
11 3 
26 1 
58 0 
99 1 
96 2 
47 2 
87 1 
70 0 
97 1 
64 1 
31 3 
0 0 
16 0 
27 0 
23 0 
33 0 
35 0 
12 0 
19 0 
4 0 
2 3 
